floorn中n为楼层号，对应floor_num

public class floorn extends floor{
    public floorn(){
        super();
        super.floor_map=new int[][]{
        //以下为15*15的楼层数组，元素参考见地图元素对照表
        {1,  1,  1,  1,  1,  1,  1,  1,  1,  1,  1,  1,  1,  1,  1},
        {1,  0,  0, 21,  0,  0,  1,  0,  0,  0,  0,  0,  0,  0,  1},
        {1,  1,  1, 21,  1,  0,  0,  0,  1,  0,  1,  1,  1,  0,  1},
        {1,  0,  0, 21,  1,  0,  1,  1,  1,  0,  1,  0,  0,  0,  1},
        {1,  1,  1, 22,  1,  1,  1,  0,  1,  0,  0,  0,  1,  0,  1},
        {1,  0,  0, 22,  1,  0,  0,  0,  1,  1,  1,  0,  1,  1,  1},
        {1,  1,  1,  0,  1,  0,  0,  0,  0,  1,  0,  0,  0, 14,  1},
        {1,  0,  1,  0,  1,  1,  1,  0,  0,  1,  0,  1,  1,  1,  1},
        {1,  0,  1,  0,  0,  0,  0,  0,  0,  1,  1,  1,  0, 15,  1},
        {1,  0,  1,  1,  1,  0,  1,  1,  0,  1,  0,  0,  0,  1,  1},
        {1,  0,  0,  0,  0,  0,  0,  1,  0, 16,  0,  1,  1,  1,  1},
        {1,  1,  1,  0,  1,  1,  0,  1,  1,  1,  1,  1,  0,  0,  1},
        {1, 14,  1,  0,  0,  1,  0,  0,100,101,  0,  13, 0,  1,  1},
        {1,  0, 23,  0,  0,  1,  1,  1,  1,102,  1,  1,  0, 10,  1},
        {1,  1,  1,  1,  1,  1,  1,  1,  1,  1,  1,  1,  1,  1,  1}};
        super.floor_num=n;
    }
}